4 4
0 0 0 0 0 0 0 0 0 0 0 0 0 0 0 0 
0 0 0 0 0 0 0 C 0 0 0 0 0 0 0 0 
0 0 0 0 0 A D 0 0 0 0 0 0 0 0 0 
0 0 0 0 0 0 0 0 0 0 0 0 0 0 0 0 
0 0 0 0 0 0 0 0 3 0 0 9 0 0 0 0 
0 0 0 0 0 0 0 0 0 0 0 C 0 0 0 0 
0 0 0 0 0 D 0 0 0 0 0 0 0 0 0 G 
0 0 0 0 0 0 0 0 0 0 0 0 0 0 0 0 
0 0 0 0 0 4 0 0 0 0 0 0 0 0 0 0 
0 0 0 0 0 0 0 3 B 0 0 0 0 0 0 0 
7 0 0 0 0 0 0 0 0 0 0 0 0 0 0 E 
0 0 0 0 0 0 0 0 0 0 C 0 0 0 0 0 
0 0 0 0 A 0 5 G 0 0 0 0 0 0 0 0 
0 0 0 0 0 0 0 0 0 0 0 0 0 0 0 0 
0 0 0 0 0 0 0 0 0 G 0 0 0 0 0 0 
D 0 E 0 0 0 0 0 0 0 0 0 0 0 0 0 
