4 4
F 0 0 0 0 0 0 0 0 0 0 0 0 0 0 0 
0 0 0 0 0 0 0 0 0 0 0 0 0 6 0 0 
0 0 0 0 9 0 0 0 0 0 0 0 0 0 0 0 
0 0 0 0 0 0 0 E 0 0 8 0 0 0 0 A 
B 0 0 0 0 0 0 0 0 0 0 0 0 0 0 0 
0 0 0 0 0 0 0 0 7 0 0 0 0 0 0 0 
0 0 0 0 0 0 0 0 0 0 0 0 0 C D 0 
0 0 0 0 A 0 0 0 0 0 0 0 0 0 0 0 
0 0 0 0 0 0 0 0 0 0 0 0 0 0 0 0 
0 0 A 0 0 0 0 0 0 0 0 0 0 0 0 0 
0 0 0 0 1 0 F 0 0 0 0 0 0 0 0 0 
0 0 0 7 6 0 C 0 0 0 0 0 0 0 0 0 
0 0 0 0 0 0 0 0 0 0 0 0 0 0 0 0 
0 0 0 0 0 0 0 0 0 0 0 0 0 0 0 0 
0 0 0 F 0 0 0 0 0 0 0 2 0 0 7 0 
0 0 0 0 0 0 0 0 0 0 0 0 0 0 0 0 
