4 4
0 0 0 0 0 0 7 0 0 4 0 0 0 0 0 0 
0 0 0 0 0 0 0 0 0 0 0 0 0 0 0 0 
0 0 0 1 0 0 0 0 A 0 0 0 0 D 0 0 
0 0 0 0 0 0 0 0 1 0 0 0 0 6 2 0 
0 0 0 0 0 0 G 0 0 0 0 0 0 0 0 0 
1 0 0 0 0 0 0 0 0 0 0 0 0 0 0 0 
C 0 0 0 0 0 0 0 0 0 0 0 0 0 0 0 
0 0 0 0 0 0 0 0 G 0 0 0 0 0 0 0 
0 0 0 0 0 0 0 0 0 0 0 0 0 0 6 0 
D A 0 0 0 0 0 0 0 0 0 0 0 0 0 0 
0 0 0 0 0 D 0 0 0 0 0 0 0 0 0 8 
0 0 0 0 0 0 0 A 0 0 C 0 0 0 0 0 
0 0 0 0 0 0 0 0 0 0 0 0 0 0 0 0 
0 0 0 0 0 0 0 0 0 0 0 0 0 0 0 0 
0 0 0 0 0 0 0 0 B 0 0 0 0 0 0 0 
0 0 0 0 0 0 0 0 0 0 0 0 0 0 0 0 
